0.018311 
0.021362 
0.024414 
0.024414 
0.030518 
0.027466 
0.018311 
0.015259 
0.030518 
0.018311 
0.018311 
0.024414 
0.021362 
0.027466 
0.024414 
0.018311 
0.024414 
0.024414 
0.021362 
0.024414 
0.024414 
0.021362 
0.021362 
0.024414 
0.021362 
0.021362 
0.021362 
0.027466 
0.018311 
0.021362 
0.024414 
0.027466 
0.024414 
0.027466 
0.024414 
0.021362 
0.024414 
0.030518 
0.024414 
0.027466 
0.021362 
0.018311 
0.018311 
0.021362 
0.024414 
0.015259 
0.030518 
0.021362 
0.027466 
0.021362 
0.030518 
0.024414 
0.024414 
0.021362 
0.018311 
0.024414 
0.024414 
0.015259 
0.021362 
0.030518 
0.021362 
0.024414 
0.018311 
0.018311 
0.024414 
0.021362 
0.024414 
0.015259 
0.015259 
0.024414 
0.024414 
0.021362 
0.015259 
0.018311 
0.021362 
0.024414 
0.021362 
0.021362 
0.021362 
0.021362 
0.015259 
0.027466 
0.024414 
0.015259 
0.015259 
0.018311 
0.021362 
0.024414 
0.021362 
0.018311 
0.015259 
0.018311 
0.027466 
0.024414 
0.018311 
0.018311 
0.021362 
0.024414 
0.024414 
0.024414 
0.024414 
0.033569 
0.024414 
0.024414 
0.021362 
0.018311 
0.021362 
0.021362 
0.024414 
0.027466 
0.024414 
0.021362 
0.018311 
0.024414 
0.021362 
0.027466 
0.027466 
0.018311 
0.024414 
0.021362 
0.021362 
0.024414 
0.024414 
0.024414 
0.027466 
0.030518 
0.018311 
0.015259 
0.018311 
0.018311 
0.021362 
0.024414 
0.024414 
0.021362 
0.027466 
0.024414 
0.018311 
0.027466 
0.024414 
0.021362 
0.027466 
0.030518 
0.027466 
0.030518 
0.024414 
0.024414 
0.024414 
0.024414 
0.024414 
0.024414 
0.021362 
0.030518 
0.027466 
0.024414 
0.018311 
0.012207 
0.027466 
0.027466 
0.024414 
0.015259 
0.024414 
0.024414 
0.021362 
0.024414 
0.030518 
0.024414 
0.024414 
0.027466 
0.027466 
0.027466 
0.024414 
0.021362 
0.018311 
0.024414 
0.024414 
0.024414 
0.033569 
0.024414 
0.030518 
0.024414 
0.027466 
0.021362 
0.027466 
0.027466 
0.024414 
0.027466 
0.027466 
0.030518 
0.030518 
0.018311 
0.024414 
0.021362 
0.024414 
0.018311 
0.027466 
0.018311 
0.027466 
0.027466 
0.030518 
0.274658 
0.350952 
0.366211 
0.372314 
0.369263 
0.378418 
0.372314 
0.360107 
0.354004 
0.363159 
0.357056 
0.329590 
0.341797 
0.378418 
0.396729 
0.415039 
0.427246 
0.448608 
0.491333 
0.524902 
0.546265 
0.585938 
0.619507 
0.628662 
0.631714 
0.622559 
0.619507 
0.613403 
0.579834 
0.585938 
0.588989 
0.558472 
0.546265 
0.540161 
0.540161 
0.531006 
0.555420 
0.561523 
0.570679 
0.555420 
0.555420 
0.552368 
0.534058 
0.515747 
0.503540 
0.488281 
0.469971 
0.433350 
0.430298 
0.427246 
0.442505 
0.469971 
0.479126 
0.494385 
0.524902 
0.579834 
0.631714 
0.683594 
0.729370 
0.769043 
0.787354 
0.781250 
0.781250 
0.778198 
0.756836 
0.717163 
0.732422 
0.738525 
0.762939 
0.778198 
0.778198 
0.772095 
0.744629 
0.701904 
0.677490 
0.671387 
0.662231 
0.683594 
0.704956 
0.698853 
0.695801 
0.680542 
0.680542 
0.686646 
0.698853 
0.704956 
0.717163 
0.720215 
0.704956 
0.677490 
0.662231 
0.659180 
0.683594 
0.695801 
0.701904 
0.720215 
0.711060 
0.704956 
0.689697 
0.659180 
0.653076 
0.689697 
0.735474 
0.772095 
0.784302 
0.775146 
0.762939 
0.726318 
0.680542 
0.650024 
0.622559 
0.592041 
0.570679 
0.549316 
0.524902 
0.506592 
0.497437 
0.482178 
0.482178 
0.466919 
0.445557 
0.427246 
0.408936 
0.387573 
0.363159 
0.341797 
0.326538 
0.326538 
0.326538 
0.350952 
0.393677 
0.418091 
0.448608 
0.473022 
0.494385 
0.534058 
0.546265 
0.567627 
0.592041 
0.607300 
0.616455 
0.601196 
0.564575 
0.531006 
0.506592 
0.500488 
0.479126 
0.463867 
0.454712 
0.457764 
0.454712 
0.482178 
0.500488 
0.537109 
0.561523 
0.579834 
0.582886 
0.610352 
0.671387 
0.720215 
0.772095 
0.790405 
0.799561 
0.811768 
0.820923 
0.817871 
0.799561 
0.775146 
0.744629 
0.741577 
0.717163 
0.689697 
0.683594 
0.671387 
0.674438 
0.671387 
0.653076 
0.662231 
0.662231 
0.659180 
0.671387 
0.668335 
0.653076 
0.665283 
0.677490 
0.665283 
0.662231 
0.668335 
0.671387 
0.698853 
0.729370 
0.762939 
0.784302 
0.814819 
0.851440 
0.891113 
0.952148 
1.010132 
1.077271 
1.159668 
1.220703 
1.281738 
1.315308 
1.336670 
1.333618 
1.333618 
1.312256 
1.281738 
1.281738 
1.281738 
1.248169 
1.205444 
1.162720 
1.138306 
1.126099 
1.092529 
1.083374 
1.083374 
1.074219 
1.080322 
1.086426 
1.116943 
1.138306 
1.144409 
1.150513 
1.159668 
1.162720 
1.168823 
1.153564 
1.129150 
1.104736 
1.089478 
1.074219 
1.055908 
1.058960 
1.046753 
1.028442 
1.028442 
1.040649 
1.062012 
1.055908 
1.065063 
1.040649 
1.025391 
0.997925 
0.964355 
0.930786 
0.888062 
0.851440 
0.814819 
0.784302 
0.772095 
0.744629 
0.732422 
0.738525 
0.720215 
0.689697 
0.686646 
0.665283 
0.637817 
0.610352 
0.576782 
0.543213 
0.527954 
0.512695 
0.497437 
0.500488 
0.494385 
0.500488 
0.491333 
0.479126 
0.485229 
0.482178 
0.479126 
0.454712 
0.421143 
0.387573 
0.347900 
0.308228 
0.277710 
0.244141 
0.198364 
0.170898 
0.137329 
0.088501 
0.064087 
0.015259 
-0.033569 
-0.057983 
-0.070190 
-0.067139 
-0.051880 
-0.045776 
-0.051880 
-0.064087 
-0.061035 
-0.030518 
0.006104 
0.030518 
0.061035 
0.094604 
0.122070 
0.149536 
0.143433 
0.152588 
0.170898 
0.152588 
0.158691 
0.158691 
0.170898 
0.180054 
0.195312 
0.210571 
0.234985 
0.241089 
0.222778 
0.228882 
0.247192 
0.277710 
0.329590 
0.363159 
0.378418 
0.357056 
0.332642 
0.299072 
0.280762 
0.265503 
0.262451 
0.256348 
0.250244 
0.244141 
0.250244 
0.292969 
0.317383 
0.341797 
0.354004 
0.350952 
0.341797 
0.344849 
0.347900 
0.335693 
0.341797 
0.329590 
0.338745 
0.344849 
0.341797 
0.354004 
0.350952 
0.335693 
0.320435 
0.323486 
0.308228 
0.280762 
0.268555 
0.250244 
0.238037 
0.204468 
0.180054 
0.170898 
0.161743 
0.143433 
0.134277 
0.143433 
0.146484 
0.140381 
0.128174 
0.140381 
0.152588 
0.140381 
0.146484 
0.140381 
0.161743 
0.207520 
0.250244 
0.277710 
0.317383 
0.378418 
0.460815 
0.531006 
0.592041 
0.625610 
0.643921 
0.656128 
0.680542 
0.701904 
0.711060 
0.704956 
0.680542 
0.668335 
0.650024 
0.637817 
0.616455 
0.604248 
0.585938 
0.558472 
0.540161 
0.549316 
0.558472 
0.564575 
0.570679 
0.582886 
0.588989 
0.601196 
0.625610 
0.674438 
0.729370 
0.765991 
0.778198 
0.778198 
0.750732 
0.729370 
0.701904 
0.665283 
0.637817 
0.607300 
0.567627 
0.540161 
0.500488 
0.515747 
0.527954 
0.531006 
0.527954 
0.534058 
0.540161 
0.527954 
0.512695 
0.518799 
0.527954 
0.546265 
0.561523 
0.573730 
0.585938 
0.601196 
0.619507 
0.628662 
0.646973 
0.631714 
0.613403 
0.582886 
0.610352 
0.662231 
0.717163 
0.750732 
0.753784 
0.732422 
0.704956 
0.671387 
0.628662 
0.585938 
0.540161 
0.500488 
0.454712 
0.402832 
0.338745 
0.289917 
0.259399 
0.222778 
0.192261 
0.167847 
0.152588 
0.125122 
0.109863 
0.082397 
0.057983 
0.042725 
0.033569 
0.036621 
0.030518 
0.027466 
0.070190 
0.115967 
0.155640 
0.207520 
0.253296 
0.283813 
0.289917 
0.296021 
0.317383 
0.335693 
0.350952 
0.354004 
0.363159 
0.381470 
0.402832 
0.415039 
0.415039 
0.415039 
0.421143 
0.418091 
0.408936 
0.396729 
0.378418 
0.363159 
0.372314 
0.396729 
0.402832 
0.430298 
0.482178 
0.543213 
0.598145 
0.634766 
0.653076 
0.668335 
0.683594 
0.680542 
0.683594 
0.668335 
0.656128 
0.671387 
0.711060 
0.732422 
0.772095 
0.790405 
0.796509 
0.799561 
0.787354 
0.781250 
0.802612 
0.820923 
0.823975 
0.823975 
0.820923 
0.811768 
0.784302 
0.747681 
0.708008 
0.668335 
0.659180 
0.665283 
0.665283 
0.677490 
0.671387 
0.677490 
0.686646 
0.683594 
0.656128 
0.625610 
0.567627 
0.506592 
0.448608 
0.390625 
0.335693 
0.274658 
0.225830 
0.195312 
0.158691 
0.149536 
0.173950 
0.189209 
0.204468 
0.228882 
0.231934 
0.262451 
0.292969 
0.335693 
0.366211 
0.390625 
0.405884 
0.424194 
0.451660 
0.509644 
0.579834 
0.637817 
0.695801 
0.738525 
0.756836 
0.772095 
0.796509 
0.796509 
0.802612 
0.784302 
0.765991 
0.735474 
0.738525 
0.765991 
0.808716 
0.845337 
0.854492 
0.857544 
0.845337 
0.820923 
0.811768 
0.787354 
0.759888 
0.750732 
0.726318 
0.726318 
0.723267 
0.729370 
0.738525 
0.726318 
0.701904 
0.674438 
0.668335 
0.659180 
0.625610 
0.604248 
0.579834 
0.558472 
0.534058 
0.534058 
0.534058 
0.518799 
0.503540 
0.466919 
0.436401 
0.415039 
0.399780 
0.366211 
0.344849 
0.311279 
0.296021 
0.311279 
0.329590 
0.357056 
0.360107 
0.387573 
0.405884 
0.396729 
0.430298 
0.445557 
0.457764 
0.476074 
0.491333 
0.515747 
0.558472 
0.582886 
0.570679 
0.561523 
0.555420 
0.555420 
0.558472 
0.576782 
0.592041 
0.595093 
0.598145 
0.604248 
0.588989 
0.598145 
0.607300 
0.610352 
0.582886 
0.552368 
0.543213 
0.540161 
0.564575 
0.567627 
0.567627 
0.561523 
0.555420 
0.573730 
0.579834 
0.576782 
0.543213 
0.506592 
0.482178 
0.442505 
0.402832 
0.347900 
0.317383 
0.308228 
0.308228 
0.311279 
0.314331 
0.344849 
0.372314 
0.393677 
0.433350 
0.488281 
0.531006 
0.564575 
0.610352 
0.643921 
0.650024 
0.668335 
0.668335 
0.680542 
0.714111 
0.732422 
0.759888 
0.756836 
0.735474 
0.708008 
0.680542 
0.665283 
0.637817 
0.601196 
0.576782 
0.534058 
0.503540 
0.451660 
0.381470 
0.320435 
0.256348 
0.201416 
0.164795 
0.155640 
0.155640 
0.173950 
0.195312 
0.225830 
0.253296 
0.292969 
0.329590 
0.357056 
0.381470 
0.387573 
0.378418 
0.384521 
0.381470 
0.390625 
0.378418 
0.366211 
0.363159 
0.341797 
0.335693 
0.323486 
0.305176 
0.280762 
0.241089 
0.204468 
0.164795 
0.143433 
0.128174 
0.103760 
0.088501 
0.073242 
0.064087 
0.042725 
0.036621 
0.024414 
0.003052 
-0.006104 
-0.024414 
-0.003052 
0.033569 
0.088501 
0.149536 
0.207520 
0.247192 
0.283813 
0.332642 
0.396729 
0.479126 
0.543213 
0.573730 
0.579834 
0.595093 
0.613403 
0.625610 
0.640869 
0.637817 
0.625610 
0.619507 
0.601196 
0.579834 
0.595093 
0.610352 
0.625610 
0.646973 
0.689697 
0.744629 
0.756836 
0.784302 
0.796509 
0.793457 
0.772095 
0.784302 
0.793457 
0.796509 
0.811768 
0.814819 
0.796509 
0.787354 
0.793457 
0.802612 
0.787354 
0.759888 
0.701904 
0.640869 
0.592041 
0.531006 
0.469971 
0.424194 
0.381470 
0.335693 
0.292969 
0.262451 
0.231934 
0.207520 
0.167847 
0.137329 
0.091553 
0.054932 
0.021362 
0.012207 
-0.006104 
-0.018311 
-0.018311 
-0.015259 
-0.015259 
-0.027466 
-0.030518 
-0.033569 
-0.021362 
-0.015259 
0.009155 
0.003052 
0.027466 
0.054932 
0.094604 
0.115967 
0.131226 
0.122070 
0.112915 
0.119019 
0.131226 
0.152588 
0.177002 
0.192261 
0.213623 
0.228882 
0.225830 
0.231934 
0.253296 
0.274658 
0.271606 
0.265503 
0.253296 
0.228882 
0.201416 
0.195312 
0.195312 
0.198364 
0.192261 
0.192261 
0.180054 
0.183105 
0.177002 
0.164795 
0.177002 
0.189209 
0.225830 
0.268555 
0.311279 
0.344849 
0.354004 
0.381470 
0.415039 
0.448608 
0.482178 
0.515747 
0.564575 
0.610352 
0.653076 
0.704956 
0.750732 
0.778198 
0.808716 
0.854492 
0.891113 
0.912476 
0.903320 
0.891113 
0.875854 
0.836182 
0.805664 
0.787354 
0.778198 
0.772095 
0.762939 
0.765991 
0.750732 
0.729370 
0.701904 
0.686646 
0.674438 
0.653076 
0.631714 
0.610352 
0.604248 
0.582886 
0.555420 
0.531006 
0.503540 
0.469971 
0.463867 
0.451660 
0.457764 
0.439453 
0.430298 
0.433350 
0.427246 
0.436401 
0.448608 
0.463867 
0.473022 
0.482178 
0.488281 
0.488281 
0.497437 
0.500488 
0.509644 
0.518799 
0.500488 
0.479126 
0.451660 
0.427246 
0.427246 
0.424194 
0.418091 
0.415039 
0.421143 
0.436401 
0.442505 
0.436401 
0.436401 
0.418091 
0.399780 
0.396729 
0.402832 
0.396729 
0.415039 
0.427246 
0.451660 
0.454712 
0.457764 
0.448608 
0.439453 
0.430298 
0.433350 
0.421143 
0.393677 
0.372314 
0.366211 
0.357056 
0.338745 
0.344849 
0.338745 
0.317383 
0.283813 
0.256348 
0.228882 
0.213623 
0.204468 
0.186157 
0.201416 
0.222778 
0.241089 
0.241089 
0.256348 
0.259399 
0.280762 
0.299072 
0.311279 
0.311279 
0.314331 
0.317383 
0.305176 
0.280762 
0.244141 
0.207520 
0.195312 
0.189209 
0.158691 
0.143433 
0.140381 
0.140381 
0.131226 
0.134277 
0.125122 
0.109863 
0.079346 
0.067139 
0.048828 
0.027466 
0.015259 
-0.015259 
-0.027466 
-0.033569 
-0.024414 
-0.009155 
0.003052 
0.042725 
0.125122 
0.195312 
0.241089 
0.280762 
0.305176 
0.317383 
0.308228 
0.308228 
0.302124 
0.286865 
0.268555 
0.247192 
0.231934 
0.225830 
0.231934 
0.244141 
0.253296 
0.280762 
0.314331 
0.354004 
0.387573 
0.421143 
0.445557 
0.451660 
0.469971 
0.506592 
0.527954 
0.527954 
0.534058 
0.543213 
0.518799 
0.518799 
0.509644 
0.512695 
0.527954 
0.524902 
0.527954 
0.537109 
0.558472 
0.546265 
0.540161 
0.524902 
0.509644 
0.482178 
0.445557 
0.408936 
0.387573 
0.393677 
0.393677 
0.405884 
0.415039 
0.427246 
0.466919 
0.506592 
0.540161 
0.561523 
0.567627 
0.543213 
0.555420 
0.564575 
0.564575 
0.549316 
0.561523 
0.546265 
0.549316 
0.549316 
0.540161 
0.552368 
0.561523 
0.567627 
0.552368 
0.515747 
0.494385 
0.454712 
0.448608 
0.451660 
0.448608 
0.442505 
0.460815 
0.454712 
0.482178 
0.509644 
0.524902 
0.524902 
0.537109 
0.558472 
0.558472 
0.555420 
0.534058 
0.518799 
0.491333 
0.466919 
0.445557 
0.439453 
0.411987 
0.384521 
0.372314 
0.354004 
0.338745 
0.314331 
0.280762 
0.262451 
0.225830 
0.204468 
0.195312 
0.201416 
0.201416 
0.207520 
0.219727 
0.234985 
0.247192 
0.268555 
0.280762 
0.314331 
0.366211 
0.421143 
0.473022 
0.527954 
0.558472 
0.601196 
0.665283 
0.741577 
0.799561 
0.836182 
0.866699 
0.885010 
0.894165 
0.897217 
0.924683 
0.979614 
1.037598 
1.080322 
1.119995 
1.144409 
1.135254 
1.116943 
1.107788 
1.071167 
1.055908 
1.043701 
1.013184 
0.958252 
0.906372 
0.848389 
0.820923 
0.808716 
0.796509 
0.769043 
0.744629 
0.720215 
0.695801 
0.656128 
0.622559 
0.604248 
0.561523 
0.534058 
0.527954 
0.521851 
0.509644 
0.494385 
0.482178 
0.460815 
0.421143 
0.424194 
0.415039 
0.411987 
0.402832 
0.399780 
0.384521 
0.375366 
0.360107 
0.354004 
0.320435 
0.292969 
0.274658 
0.268555 
0.238037 
0.228882 
0.210571 
0.195312 
0.173950 
0.152588 
0.140381 
0.134277 
0.128174 
0.112915 
0.085449 
0.057983 
0.030518 
0.012207 
0.018311 
0.048828 
0.057983 
0.064087 
0.073242 
0.054932 
0.051880 
0.061035 
0.073242 
0.094604 
0.119019 
0.140381 
0.152588 
0.198364 
0.225830 
0.241089 
0.253296 
0.256348 
0.274658 
0.256348 
0.280762 
0.308228 
0.341797 
0.366211 
0.378418 
0.384521 
0.381470 
0.369263 
0.381470 
0.384521 
0.381470 
0.369263 
0.369263 
0.381470 
0.418091 
0.430298 
0.418091 
0.430298 
0.421143 
0.399780 
0.372314 
0.329590 
0.286865 
0.238037 
0.189209 
0.167847 
0.149536 
0.140381 
0.143433 
0.152588 
0.158691 
0.170898 
0.198364 
0.213623 
0.216675 
0.213623 
0.216675 
0.198364 
0.213623 
0.210571 
0.219727 
0.231934 
0.259399 
0.277710 
0.274658 
0.286865 
0.286865 
0.302124 
0.308228 
0.296021 
0.292969 
0.283813 
0.271606 
0.262451 
0.268555 
0.280762 
0.329590 
0.378418 
0.415039 
0.445557 
0.451660 
0.454712 
0.433350 
0.424194 
0.405884 
0.402832 
0.396729 
0.396729 
0.418091 
0.436401 
0.430298 
0.402832 
0.360107 
0.320435 
0.280762 
0.250244 
0.231934 
0.207520 
0.201416 
0.195312 
0.204468 
0.213623 
0.216675 
0.222778 
0.213623 
0.210571 
0.207520 
0.189209 
0.177002 
0.177002 
0.183105 
0.173950 
0.164795 
0.143433 
0.112915 
0.094604 
0.100708 
0.103760 
0.122070 
0.131226 
0.140381 
0.149536 
0.146484 
0.112915 
0.122070 
0.112915 
0.097656 
0.112915 
0.134277 
0.170898 
0.186157 
0.210571 
0.234985 
0.241089 
0.234985 
0.225830 
0.195312 
0.186157 
0.186157 
0.204468 
0.247192 
0.292969 
0.341797 
0.396729 
0.479126 
0.555420 
0.598145 
0.625610 
0.637817 
0.646973 
0.634766 
0.613403 
0.598145 
0.582886 
0.579834 
0.592041 
0.631714 
0.665283 
0.659180 
0.653076 
0.650024 
0.631714 
0.595093 
0.567627 
0.552368 
0.549316 
0.552368 
0.552368 
0.555420 
0.570679 
0.573730 
0.592041 
0.607300 
0.631714 
0.662231 
0.698853 
0.744629 
0.775146 
0.775146 
0.772095 
0.778198 
0.793457 
0.814819 
0.820923 
0.820923 
0.805664 
0.784302 
0.762939 
0.750732 
0.735474 
0.720215 
0.686646 
0.656128 
0.631714 
0.622559 
0.637817 
0.646973 
0.650024 
0.671387 
0.683594 
0.708008 
0.726318 
0.756836 
0.784302 
0.820923 
0.860596 
0.878906 
0.891113 
0.915527 
0.912476 
0.903320 
0.903320 
0.900269 
0.903320 
0.897217 
0.888062 
0.888062 
0.863647 
0.820923 
0.799561 
0.781250 
0.775146 
0.769043 
0.765991 
0.753784 
0.735474 
0.726318 
0.695801 
0.665283 
0.607300 
0.558472 
0.518799 
0.494385 
0.503540 
0.558472 
0.610352 
0.650024 
0.686646 
0.701904 
0.695801 
0.677490 
0.662231 
0.656128 
0.659180 
0.689697 
0.723267 
0.741577 
0.769043 
0.793457 
0.805664 
0.808716 
0.820923 
0.836182 
0.863647 
0.872803 
0.885010 
0.881958 
0.900269 
0.903320 
0.891113 
0.881958 
0.857544 
0.814819 
0.787354 
0.772095 
0.781250 
0.769043 
0.775146 
0.772095 
0.775146 
0.805664 
0.814819 
0.805664 
0.817871 
0.827026 
0.845337 
0.842285 
0.833130 
0.817871 
0.811768 
0.796509 
0.775146 
0.744629 
0.726318 
0.704956 
0.677490 
0.643921 
0.598145 
0.543213 
0.485229 
0.430298 
0.408936 
0.369263 
0.357056 
0.341797 
0.326538 
0.326538 
0.332642 
0.332642 
0.323486 
0.302124 
0.286865 
0.268555 
0.271606 
0.238037 
0.247192 
0.253296 
0.268555 
0.280762 
0.314331 
0.338745 
0.375366 
0.427246 
0.479126 
0.527954 
0.561523 
0.588989 
0.622559 
0.646973 
0.656128 
0.665283 
0.683594 
0.695801 
0.701904 
0.698853 
0.689697 
0.689697 
0.680542 
0.668335 
0.668335 
0.680542 
0.689697 
0.723267 
0.747681 
0.744629 
0.714111 
0.711060 
0.692749 
0.686646 
0.683594 
0.674438 
0.656128 
0.622559 
0.592041 
0.558472 
0.531006 
0.491333 
0.463867 
0.427246 
0.411987 
0.396729 
0.366211 
0.344849 
0.302124 
0.256348 
0.210571 
0.177002 
0.125122 
0.082397 
0.067139 
0.057983 
0.045776 
0.021362 
-0.012207 
-0.003052 
0.027466 
0.051880 
0.070190 
0.082397 
0.079346 
0.085449 
0.085449 
0.091553 
0.079346 
0.057983 
0.027466 
0.000000 
-0.024414 
-0.048828 
-0.067139 
-0.106812 
-0.137329 
-0.158691 
-0.134277 
-0.115967 
-0.088501 
-0.082397 
-0.054932 
-0.045776 
-0.042725 
-0.061035 
-0.070190 
-0.076294 
-0.076294 
-0.051880 
-0.027466 
-0.018311 
-0.024414 
-0.033569 
-0.006104 
-0.009155 
0.021362 
0.036621 
0.057983 
0.073242 
0.088501 
0.082397 
0.091553 
0.097656 
0.091553 
0.091553 
0.097656 
0.073242 
0.070190 
0.085449 
0.085449 
0.085449 
0.106812 
0.137329 
0.183105 
0.228882 
0.268555 
0.305176 
0.338745 
0.390625 
0.415039 
0.427246 
0.424194 
0.411987 
0.405884 
0.399780 
0.418091 
0.439453 
0.460815 
0.485229 
0.518799 
0.549316 
0.564575 
0.558472 
0.540161 
0.506592 
0.482178 
0.451660 
0.411987 
0.393677 
0.363159 
0.320435 
0.277710 
0.262451 
0.253296 
0.234985 
0.210571 
0.186157 
0.164795 
0.158691 
0.137329 
0.143433 
0.173950 
0.204468 
0.241089 
0.271606 
0.277710 
0.286865 
0.296021 
0.311279 
0.344849 
0.381470 
0.433350 
0.479126 
0.509644 
0.537109 
0.555420 
0.567627 
0.604248 
0.595093 
0.595093 
0.588989 
0.592041 
0.610352 
0.616455 
0.637817 
0.665283 
0.665283 
0.650024 
0.643921 
0.637817 
0.631714 
0.601196 
0.582886 
0.558472 
0.546265 
0.537109 
0.518799 
0.491333 
0.482178 
0.494385 
0.512695 
0.543213 
0.561523 
0.573730 
0.561523 
0.540161 
0.534058 
0.518799 
0.518799 
0.527954 
0.540161 
0.576782 
0.637817 
0.686646 
0.708008 
0.723267 
0.720215 
0.729370 
0.723267 
0.729370 
0.726318 
0.738525 
0.747681 
0.769043 
0.793457 
0.805664 
0.823975 
0.845337 
0.863647 
0.888062 
0.921631 
0.912476 
0.894165 
0.878906 
0.854492 
0.830078 
0.833130 
0.839233 
0.860596 
0.912476 
0.949097 
0.952148 
0.952148 
0.967407 
0.967407 
0.982666 
0.988770 
1.000977 
1.007080 
1.000977 
0.985718 
0.988770 
0.979614 
0.949097 
0.924683 
0.881958 
0.875854 
0.888062 
0.894165 
0.885010 
0.878906 
0.878906 
0.869751 
0.860596 
0.854492 
0.851440 
0.866699 
0.860596 
0.872803 
0.900269 
0.924683 
0.964355 
0.982666 
0.994873 
1.013184 
1.037598 
1.055908 
1.071167 
1.074219 
1.077271 
1.065063 
1.043701 
1.007080 
0.976562 
0.946045 
0.912476 
0.881958 
0.848389 
0.811768 
0.799561 
0.781250 
0.787354 
0.790405 
0.781250 
0.772095 
0.759888 
0.744629 
0.704956 
0.659180 
0.619507 
0.579834 
0.558472 
0.549316 
0.537109 
0.540161 
0.540161 
0.537109 
0.540161 
0.537109 
0.521851 
0.482178 
0.442505 
0.408936 
0.384521 
0.347900 
0.305176 
0.280762 
0.271606 
0.289917 
0.308228 
0.329590 
0.341797 
0.384521 
0.415039 
0.430298 
0.430298 
0.436401 
0.457764 
0.463867 
0.488281 
0.512695 
0.531006 
0.558472 
0.582886 
0.616455 
0.631714 
0.631714 
0.668335 
0.711060 
0.738525 
0.759888 
0.802612 
0.854492 
0.885010 
0.894165 
0.888062 
0.857544 
0.817871 
0.784302 
0.735474 
0.683594 
0.619507 
0.561523 
0.515747 
0.457764 
0.427246 
0.366211 
0.329590 
0.280762 
0.238037 
0.216675 
0.183105 
0.143433 
0.115967 
0.097656 
0.088501 
0.082397 
0.073242 
0.067139 
0.061035 
0.045776 
0.039673 
0.027466 
0.027466 
0.048828 
0.073242 
0.073242 
0.097656 
0.103760 
0.131226 
0.152588 
0.158691 
0.167847 
0.173950 
0.167847 
0.170898 
0.164795 
0.183105 
0.231934 
0.268555 
0.308228 
0.329590 
0.344849 
0.320435 
0.311279 
0.286865 
0.271606 
0.253296 
0.238037 
0.213623 
0.195312 
0.180054 
0.152588 
0.134277 
0.152588 
0.173950 
0.210571 
0.231934 
0.247192 
0.283813 
0.308228 
0.347900 
0.408936 
0.466919 
0.503540 
0.521851 
0.531006 
0.512695 
0.485229 
0.457764 
0.442505 
0.421143 
0.399780 
0.366211 
0.332642 
0.323486 
0.308228 
0.277710 
0.244141 
0.219727 
0.189209 
0.167847 
0.192261 
0.204468 
0.207520 
0.207520 
0.195312 
0.173950 
0.180054 
0.155640 
0.146484 
0.131226 
0.119019 
0.103760 
0.119019 
0.140381 
0.164795 
0.167847 
0.183105 
0.192261 
0.213623 
0.231934 
0.247192 
0.265503 
0.268555 
0.299072 
0.332642 
0.381470 
0.427246 
0.460815 
0.479126 
0.518799 
0.558472 
0.588989 
0.595093 
0.601196 
0.598145 
0.598145 
0.595093 
0.598145 
0.601196 
0.585938 
0.607300 
0.634766 
0.653076 
0.671387 
0.668335 
0.668335 
0.646973 
0.640869 
0.637817 
0.622559 
0.607300 
0.610352 
0.607300 
0.622559 
0.628662 
0.628662 
0.640869 
0.668335 
0.683594 
0.677490 
0.668335 
0.628662 
0.604248 
0.592041 
0.567627 
0.534058 
0.488281 
0.448608 
0.408936 
0.375366 
0.335693 
0.311279 
0.265503 
0.210571 
0.173950 
0.152588 
0.152588 
0.170898 
0.216675 
0.241089 
0.289917 
0.326538 
0.372314 
0.418091 
0.445557 
0.463867 
0.494385 
0.534058 
0.588989 
0.625610 
0.640869 
0.656128 
0.668335 
0.680542 
0.689697 
0.701904 
0.704956 
0.695801 
0.665283 
0.619507 
0.576782 
0.546265 
0.515747 
0.494385 
0.457764 
0.418091 
0.375366 
0.332642 
0.296021 
0.238037 
0.207520 
0.189209 
0.192261 
0.189209 
0.186157 
0.167847 
0.164795 
0.161743 
0.170898 
0.149536 
0.143433 
0.146484 
0.143433 
0.137329 
0.146484 
0.140381 
0.128174 
0.112915 
0.122070 
0.115967 
0.106812 
0.091553 
0.097656 
0.109863 
0.131226 
0.137329 
0.125122 
0.137329 
0.149536 
0.146484 
0.137329 
0.143433 
0.143433 
0.149536 
0.149536 
0.155640 
0.164795 
0.183105 
0.219727 
0.268555 
0.289917 
0.317383 
0.350952 
0.415039 
0.466919 
0.524902 
0.601196 
0.671387 
0.711060 
0.765991 
0.793457 
0.811768 
0.808716 
0.775146 
0.723267 
0.665283 
0.592041 
0.540161 
0.469971 
0.399780 
0.341797 
0.283813 
0.225830 
0.180054 
0.152588 
0.140381 
0.158691 
0.170898 
0.216675 
0.265503 
0.302124 
0.335693 
0.366211 
0.402832 
0.427246 
0.433350 
0.418091 
0.402832 
0.360107 
0.311279 
0.271606 
0.247192 
0.222778 
0.201416 
0.177002 
0.158691 
0.128174 
0.119019 
0.128174 
0.131226 
0.134277 
0.137329 
0.146484 
0.161743 
0.164795 
0.173950 
0.158691 
0.167847 
0.183105 
0.222778 
0.244141 
0.280762 
0.341797 
0.411987 
0.463867 
0.512695 
0.537109 
0.552368 
0.579834 
0.582886 
0.564575 
0.582886 
0.582886 
0.585938 
0.564575 
0.534058 
0.518799 
0.494385 
0.476074 
0.454712 
0.442505 
0.448608 
0.451660 
0.466919 
0.466919 
0.463867 
0.473022 
0.469971 
0.457764 
0.451660 
0.430298 
0.421143 
0.415039 
0.399780 
0.381470 
0.372314 
0.350952 
0.335693 
0.320435 
0.302124 
0.302124 
0.299072 
0.292969 
0.305176 
0.305176 
0.292969 
0.280762 
0.299072 
0.299072 
0.317383 
0.329590 
0.335693 
0.354004 
0.366211 
0.372314 
0.357056 
0.341797 
0.311279 
0.289917 
0.280762 
0.292969 
0.299072 
0.317383 
0.341797 
0.372314 
0.405884 
0.418091 
0.430298 
0.442505 
0.448608 
0.442505 
0.430298 
0.396729 
0.354004 
0.326538 
0.299072 
0.277710 
0.271606 
0.262451 
0.250244 
0.250244 
0.228882 
0.210571 
0.207520 
0.216675 
0.244141 
0.274658 
0.265503 
0.271606 
0.299072 
0.308228 
0.329590 
0.372314 
0.411987 
0.424194 
0.421143 
0.411987 
0.424194 
0.442505 
0.466919 
0.488281 
0.500488 
0.543213 
0.564575 
0.582886 
0.610352 
0.628662 
0.650024 
0.680542 
0.695801 
0.717163 
0.729370 
0.747681 
0.778198 
0.790405 
0.793457 
0.787354 
0.802612 
0.808716 
0.784302 
0.778198 
0.765991 
0.772095 
0.753784 
0.753784 
0.744629 
0.750732 
0.756836 
0.756836 
0.772095 
0.769043 
0.769043 
0.750732 
0.756836 
0.781250 
0.796509 
0.784302 
0.781250 
0.762939 
0.720215 
0.680542 
0.650024 
0.610352 
0.585938 
0.546265 
0.555420 
0.570679 
0.564575 
0.546265 
0.537109 
0.524902 
0.524902 
0.524902 
0.531006 
0.558472 
0.579834 
0.619507 
0.656128 
0.677490 
0.711060 
0.717163 
0.701904 
0.704956 
0.683594 
0.671387 
0.634766 
0.601196 
0.570679 
0.555420 
0.552368 
0.546265 
0.552368 
0.561523 
0.558472 
0.555420 
0.558472 
0.552368 
0.549316 
0.537109 
0.534058 
0.543213 
0.561523 
0.582886 
0.604248 
0.640869 
0.659180 
0.650024 
0.665283 
0.662231 
0.646973 
0.616455 
0.579834 
0.546265 
0.527954 
0.521851 
0.509644 
0.500488 
0.476074 
0.473022 
0.488281 
0.497437 
0.500488 
0.521851 
0.524902 
0.524902 
0.515747 
0.506592 
0.488281 
0.460815 
0.430298 
0.411987 
0.396729 
0.375366 
0.344849 
0.314331 
0.286865 
0.253296 
0.210571 
0.158691 
0.112915 
0.085449 
0.070190 
0.054932 
0.039673 
0.015259 
-0.003052 
-0.021362 
-0.036621 
-0.027466 
-0.003052 
0.036621 
0.085449 
0.128174 
0.155640 
0.210571 
0.241089 
0.250244 
0.234985 
0.204468 
0.213623 
0.207520 
0.210571 
0.259399 
0.311279 
0.347900 
0.375366 
0.396729 
0.408936 
0.430298 
0.457764 
0.491333 
0.521851 
0.531006 
0.537109 
0.549316 
0.558472 
0.601196 
0.625610 
0.668335 
0.720215 
0.747681 
0.781250 
0.811768 
0.842285 
0.875854 
0.897217 
0.909424 
0.909424 
0.903320 
0.894165 
0.872803 
0.845337 
0.848389 
0.833130 
0.805664 
0.769043 
0.744629 
0.717163 
0.695801 
0.680542 
0.656128 
0.643921 
0.634766 
0.628662 
0.598145 
0.592041 
0.601196 
0.613403 
0.631714 
0.646973 
0.631714 
0.610352 
0.588989 
0.567627 
0.537109 
0.500488 
0.479126 
0.473022 
0.488281 
0.491333 
0.521851 
0.546265 
0.531006 
0.521851 
0.506592 
0.479126 
0.488281 
0.500488 
0.540161 
0.592041 
0.640869 
0.668335 
0.680542 
0.708008 
0.717163 
0.726318 
0.720215 
0.717163 
0.726318 
0.756836 
0.769043 
0.772095 
0.753784 
0.726318 
0.695801 
0.662231 
0.631714 
0.604248 
0.558472 
0.527954 
0.491333 
0.454712 
0.445557 
0.451660 
0.436401 
0.415039 
0.402832 
0.378418 
0.363159 
0.347900 
0.329590 
0.329590 
0.341797 
0.366211 
0.408936 
0.433350 
0.439453 
0.469971 
0.485229 
0.491333 
0.534058 
0.579834 
0.601196 
0.607300 
0.619507 
0.619507 
0.628662 
0.625610 
0.631714 
0.616455 
0.610352 
0.607300 
0.607300 
0.604248 
0.595093 
0.595093 
0.582886 
0.552368 
0.540161 
0.506592 
0.485229 
0.457764 
0.411987 
0.381470 
0.347900 
0.314331 
0.292969 
0.299072 
0.320435 
0.344849 
0.381470 
0.393677 
0.424194 
0.448608 
0.466919 
0.473022 
0.451660 
0.430298 
0.408936 
0.396729 
0.381470 
0.372314 
0.357056 
0.347900 
0.329590 
0.344849 
0.357056 
0.363159 
0.366211 
0.366211 
0.347900 
0.344849 
0.344849 
0.335693 
0.332642 
0.317383 
0.292969 
0.274658 
0.244141 
0.201416 
0.158691 
0.122070 
0.088501 
0.061035 
0.036621 
0.003052 
0.003052 
-0.021362 
-0.030518 
-0.036621 
-0.012207 
0.021362 
0.048828 
0.070190 
0.097656 
0.103760 
0.109863 
0.134277 
0.155640 
0.155640 
0.158691 
0.177002 
0.201416 
0.238037 
0.299072 
0.341797 
0.384521 
0.415039 
0.424194 
0.427246 
0.415039 
0.408936 
0.424194 
0.421143 
0.399780 
0.375366 
0.363159 
0.344849 
0.323486 
0.344849 
0.375366 
0.415039 
0.454712 
0.515747 
0.582886 
0.662231 
0.714111 
0.762939 
0.802612 
0.833130 
0.820923 
0.799561 
0.772095 
0.744629 
0.714111 
0.671387 
0.646973 
0.607300 
0.552368 
0.503540 
0.476074 
0.454712 
0.408936 
0.360107 
0.305176 
0.247192 
0.207520 
0.180054 
0.137329 
0.097656 
0.051880 
0.009155 
-0.009155 
-0.018311 
-0.003052 
0.018311 
0.064087 
0.100708 
0.137329 
0.177002 
0.201416 
0.238037 
0.262451 
0.274658 
0.289917 
0.292969 
0.292969 
0.274658 
0.265503 
0.244141 
0.253296 
0.296021 
0.354004 
0.405884 
0.466919 
0.540161 
0.588989 
0.625610 
0.631714 
0.653076 
0.671387 
0.662231 
0.646973 
0.634766 
0.613403 
0.625610 
0.637817 
0.622559 
0.637817 
0.646973 
0.643921 
0.637817 
0.616455 
0.592041 
0.567627 
0.561523 
0.537109 
0.531006 
0.515747 
0.500488 
0.473022 
0.424194 
0.393677 
0.357056 
0.323486 
0.326538 
0.332642 
0.363159 
0.375366 
0.381470 
0.375366 
0.381470 
0.387573 
0.375366 
0.369263 
0.329590 
0.289917 
0.253296 
0.210571 
0.167847 
0.140381 
0.119019 
0.106812 
0.100708 
0.088501 
0.076294 
0.064087 
0.051880 
0.039673 
0.030518 
0.018311 
0.006104 
0.018311 
0.018311 
0.030518 
0.045776 
0.061035 
0.070190 
0.091553 
0.106812 
0.112915 
0.100708 
0.091553 
0.076294 
0.073242 
0.057983 
0.045776 
0.030518 
0.024414 
0.024414 
0.024414 
0.006104 
-0.006104 
-0.006104 
0.009155 
0.009155 
0.027466 
0.036621 
0.051880 
0.054932 
0.067139 
0.085449 
0.112915 
0.137329 
0.170898 
0.213623 
0.265503 
0.292969 
0.338745 
0.363159 
0.396729 
0.433350 
0.485229 
0.515747 
0.521851 
0.527954 
0.521851 
0.531006 
0.531006 
0.521851 
0.491333 
0.457764 
0.427246 
0.408936 
0.399780 
0.384521 
0.366211 
0.387573 
0.415039 
0.442505 
0.466919 
0.494385 
0.491333 
0.485229 
0.482178 
0.454712 
0.430298 
0.430298 
0.430298 
0.439453 
0.448608 
0.469971 
0.473022 
0.482178 
0.500488 
0.494385 
0.476074 
0.445557 
0.421143 
0.384521 
0.384521 
0.396729 
0.436401 
0.488281 
0.518799 
0.515747 
0.527954 
0.552368 
0.543213 
0.558472 
0.555420 
0.552368 
0.558472 
0.561523 
0.567627 
0.549316 
0.527954 
0.509644 
0.503540 
0.500488 
0.497437 
0.506592 
0.482178 
0.457764 
0.430298 
0.408936 
0.411987 
0.396729 
0.393677 
0.393677 
0.402832 
0.387573 
0.399780 
0.387573 
0.387573 
0.390625 
0.396729 
0.384521 
0.387573 
0.424194 
0.448608 
0.494385 
0.509644 
0.531006 
0.546265 
0.576782 
0.601196 
0.653076 
0.677490 
0.695801 
0.711060 
0.726318 
0.762939 
0.793457 
0.827026 
0.842285 
0.851440 
0.839233 
0.839233 
0.823975 
0.793457 
0.759888 
0.741577 
0.729370 
0.701904 
0.698853 
0.701904 
0.714111 
0.741577 
0.775146 
0.796509 
0.796509 
0.796509 
0.799561 
0.808716 
0.808716 
0.790405 
0.775146 
0.759888 
0.738525 
0.738525 
0.741577 
0.741577 
0.741577 
0.744629 
0.744629 
0.732422 
0.704956 
0.662231 
0.622559 
0.616455 
0.610352 
0.588989 
0.573730 
0.558472 
0.549316 
0.531006 
0.531006 
0.527954 
0.515747 
0.546265 
0.579834 
0.604248 
0.588989 
0.567627 
0.531006 
0.466919 
0.421143 
0.415039 
0.421143 
0.421143 
0.402832 
0.405884 
0.396729 
0.384521 
0.378418 
0.381470 
0.393677 
0.411987 
0.439453 
0.479126 
0.500488 
0.543213 
0.582886 
0.601196 
0.610352 
0.659180 
0.698853 
0.726318 
0.735474 
0.732422 
0.708008 
0.674438 
0.646973 
0.610352 
0.573730 
0.534058 
0.488281 
0.473022 
0.466919 
0.451660 
0.421143 
0.393677 
0.350952 
0.323486 
0.332642 
0.344849 
0.357056 
0.372314 
0.396729 
0.415039 
0.430298 
0.451660 
0.466919 
0.491333 
0.503540 
0.527954 
0.549316 
0.561523 
0.585938 
0.613403 
0.619507 
0.628662 
0.637817 
0.653076 
0.659180 
0.665283 
0.665283 
0.674438 
0.692749 
0.701904 
0.701904 
0.701904 
0.683594 
0.662231 
0.637817 
0.628662 
0.595093 
0.576782 
0.537109 
0.506592 
0.479126 
0.460815 
0.436401 
0.421143 
0.430298 
0.439453 
0.457764 
0.460815 
0.479126 
0.463867 
0.445557 
0.427246 
0.421143 
0.439453 
0.442505 
0.442505 
0.421143 
0.408936 
0.421143 
0.448608 
0.482178 
0.506592 
0.540161 
0.576782 
0.625610 
0.646973 
0.671387 
0.698853 
0.711060 
0.708008 
0.692749 
0.695801 
0.692749 
0.717163 
0.735474 
0.738525 
0.711060 
0.668335 
0.610352 
0.561523 
0.503540 
0.457764 
0.430298 
0.387573 
0.344849 
0.302124 
0.277710 
0.241089 
0.198364 
0.164795 
0.152588 
0.149536 
0.155640 
0.164795 
0.183105 
0.195312 
0.207520 
0.231934 
0.262451 
0.271606 
0.274658 
0.262451 
0.256348 
0.250244 
0.219727 
0.210571 
0.195312 
